name: building-recommender-systems-with-ml-ai
channels:
  - conda-forge
  - defaults
dependencies:
  - asttokens=2.0.5=pyhd3eb1b0_0
  - autopep8=1.6.0=pyhd3eb1b0_1
  - backcall=0.2.0=pyhd3eb1b0_0
  - blas=1.0=mkl
  - bzip2=1.0.8=he774522_0
  - ca-certificates=2023.01.10=haa95532_0
  - certifi=2022.12.7=py310haa95532_0
  - colorama=0.4.6=py310haa95532_0
  - comm=0.1.2=py310haa95532_0
  - debugpy=1.5.1=py310hd77b12b_0
  - decorator=5.1.1=pyhd3eb1b0_0
  - entrypoints=0.4=py310haa95532_0
  - executing=0.8.3=pyhd3eb1b0_0
  - fftw=3.3.10=nompi_h38027f0_106
  - icc_rt=2022.1.0=h6049295_2
  - intel-openmp=2021.4.0=haa95532_3556
  - ipykernel=6.19.2=py310h9909e9c_0
  - ipython=8.10.0=py310haa95532_0
  - jedi=0.18.1=py310haa95532_1
  - joblib=1.2.0=pyhd8ed1ab_0
  - jupyter_client=7.4.9=py310haa95532_0
  - jupyter_core=5.2.0=py310haa95532_0
  - libffi=3.4.2=hd77b12b_6
  - libsodium=1.0.18=h62dcd97_0
  - matplotlib-inline=0.1.6=py310haa95532_0
  - mkl=2021.4.0=haa95532_640
  - mkl-service=2.4.0=py310h2bbff1b_0
  - mkl_fft=1.3.1=py310ha0764ea_0
  - mkl_random=1.2.2=py310h4ed8f06_0
  - nest-asyncio=1.5.6=py310haa95532_0
  - numpy=1.23.5=py310h60c9a35_0
  - numpy-base=1.23.5=py310h04254f7_0
  - openssl=1.1.1t=h2bbff1b_0
  - packaging=22.0=py310haa95532_0
  - parso=0.8.3=pyhd3eb1b0_0
  - pickleshare=0.7.5=pyhd3eb1b0_1003
  - pip=22.3.1=py310haa95532_0
  - platformdirs=2.5.2=py310haa95532_0
  - prompt-toolkit=3.0.36=py310haa95532_0
  - psutil=5.9.0=py310h2bbff1b_0
  - pure_eval=0.2.2=pyhd3eb1b0_0
  - pycodestyle=2.10.0=py310haa95532_0
  - pygments=2.11.2=pyhd3eb1b0_0
  - python=3.10.9=h966fe2a_0
  - python-dateutil=2.8.2=pyhd3eb1b0_0
  - python_abi=3.10=2_cp310
  - pywin32=305=py310h2bbff1b_0
  - pyzmq=23.2.0=py310hd77b12b_0
  - scikit-surprise=1.1.3=py310h9b08ddd_1
  - scipy=1.9.3=py310h86744a3_0
  - setuptools=65.6.3=py310haa95532_0
  - six=1.16.0=pyhd3eb1b0_1
  - sqlite=3.40.1=h2bbff1b_0
  - stack_data=0.2.0=pyhd3eb1b0_0
  - tk=8.6.12=h2bbff1b_0
  - toml=0.10.2=pyhd3eb1b0_0
  - tornado=6.2=py310h2bbff1b_0
  - traitlets=5.7.1=py310haa95532_0
  - tzdata=2022g=h04d1e81_0
  - ucrt=10.0.22621.0=h57928b3_0
  - vc=14.2=h21ff451_1
  - vs2015_runtime=14.34.31931=h4c5c07a_10
  - wcwidth=0.2.5=pyhd3eb1b0_0
  - wheel=0.38.4=py310haa95532_0
  - wincertstore=0.2=py310haa95532_2
  - xz=5.2.10=h8cc25b3_1
  - zeromq=4.3.4=hd77b12b_0
  - zlib=1.2.13=h8cc25b3_0
prefix: C:\Users\Dante\anaconda3\envs\building-recommender-systems-with-ml-ai
